Running tests for user md374
Test  1: passed: roll_dice(19, 12) returns
[1, 11, 7, 6, 4, 5, 9, 4, 3, 1, 7, 6, 10, 4, 2, 1, 1, 9, 4]
[4, 1, 1, 4, 1, 2, 2, 0, 2, 1, 1, 0]
Test  2: passed: roll_dice(17,  8) returns
[6, 6, 1, 2, 3, 7, 3, 2, 2, 6, 7, 3, 1, 7, 2, 1, 1]
[4, 4, 3, 0, 0, 3, 3, 0]
Test  3: passed: roll_dice( 6, 20) returns
[15, 14, 19, 3, 15, 11]
[0, 0, 1, 0, 0, 0, 0, 0, 0, 0, 1, 0, 0, 1, 2, 0, 0, 0, 1, 0]
Test  4: passed: roll_dice(11,  8) returns
[1, 2, 4, 1, 4, 3, 6, 2, 7, 5, 7]
[2, 2, 1, 2, 1, 1, 2, 0]
Test  5: passed: roll_dice( 7,  8) returns
[6, 2, 3, 1, 5, 5, 4]
[1, 1, 1, 1, 2, 1, 0, 0]
Test  6: passed: roll_dice(19, 10) returns
[1, 2, 8, 6, 4, 2, 8, 2, 5, 1, 8, 2, 6, 1, 8, 5, 7, 8, 3]
[3, 4, 1, 1, 2, 2, 1, 5, 0, 0]
Test  7: passed: roll_dice(16, 20) returns
[15, 10, 15, 3, 10, 14, 11, 5, 16, 11, 10, 3, 19, 2, 18, 9]
[0, 1, 2, 0, 1, 0, 0, 0, 1, 3, 2, 0, 0, 1, 2, 1, 0, 1, 1, 0]
Test  8: passed: roll_dice( 9, 20) returns
[8, 9, 8, 3, 1, 17, 12, 6, 11]
[1, 0, 1, 0, 0, 1, 0, 2, 1, 0, 1, 1, 0, 0, 0, 0, 1, 0, 0, 0]
Test  9: passed: roll_dice( 7, 10) returns
[4, 9, 3, 2, 8, 2, 6]
[0, 2, 1, 1, 0, 1, 0, 1, 1, 0]
Test 10: passed: roll_dice(20, 20) returns
[13, 10, 18, 16, 16, 7, 14, 8, 19, 9, 11, 12, 13, 5, 15, 3, 19, 11, 15, 19]
[0, 0, 1, 0, 1, 0, 1, 1, 1, 1, 2, 1, 2, 1, 2, 2, 0, 1, 3, 0]
